105,2014,73,1028,21.162,8.9315,910.75
105,2014,73,1028,21.162,8.9315,910.75
105,2014,73,1028,21.162,8.9316,910.75
105,2014,73,1028,21.162,8.9314,910.74
105,2014,73,1028,21.162,8.9311,910.7
105,2014,73,1029,21.162,8.9314,910.74
105,2014,73,1029,21.162,8.9314,910.73
105,2014,73,1029,21.162,8.9311,910.7
105,2014,73,1029,21.162,8.9314,910.74
105,2014,73,1029,21.162,8.9311,910.7
105,2014,73,1029,21.162,8.9314,910.74
105,2014,73,1030,21.162,8.9313,910.72
105,2014,73,1030,21.162,8.9314,910.73
105,2014,73,1030,21.162,8.9314,910.74
105,2014,73,1030,21.132,8.9316,910.75
105,2014,73,1030,21.162,8.9315,910.75
105,2014,73,1030,21.162,8.9315,910.75
105,2014,73,1031,21.162,8.9315,910.75
105,2014,73,1031,21.162,8.9315,910.74
105,2014,73,1031,21.193,8.9315,910.75
105,2014,73,1031,21.193,8.9316,910.75
105,2014,73,1031,21.162,8.9315,910.75
105,2014,73,1031,21.162,8.9314,910.73
105,2014,73,1032,21.162,8.9315,910.75
105,2014,73,1032,21.193,8.9316,910.76
105,2014,73,1032,21.193,8.9315,910.74
105,2014,73,1032,21.193,8.9316,910.75
105,2014,73,1032,21.193,8.9316,910.75
105,2014,73,1032,21.193,8.9316,910.76
105,2014,73,1033,21.193,8.9316,910.75
105,2014,73,1033,21.193,8.9316,910.75
105,2014,73,1033,21.193,8.9316,910.75
105,2014,73,1033,21.193,8.9316,910.75
105,2014,73,1033,21.193,8.9316,910.75
105,2014,73,1033,21.193,8.9316,910.75
105,2014,73,1034,21.162,8.9315,910.75
105,2014,73,1034,21.193,8.9316,910.75
105,2014,73,1034,21.162,8.9315,910.75
105,2014,73,1034,21.193,8.9316,910.75
105,2014,73,1034,21.193,8.9316,910.75
105,2014,73,1034,21.193,8.9316,910.75
105,2014,73,1035,21.193,8.9316,910.75
105,2014,73,1035,21.193,8.9316,910.75
105,2014,73,1035,21.193,8.9316,910.75
105,2014,73,1035,21.193,8.9316,910.75
105,2014,73,1035,21.193,8.9316,910.75
105,2014,73,1035,21.193,8.9316,910.75
105,2014,73,1036,21.162,8.9315,910.75
105,2014,73,1036,21.193,8.9316,910.75
105,2014,73,1036,21.193,8.9316,910.75
105,2014,73,1036,21.193,8.9316,910.75
105,2014,73,1036,21.193,8.9316,910.75
105,2014,73,1036,21.193,8.9316,910.75
105,2014,73,1037,21.193,8.9316,910.75
105,2014,73,1037,21.193,8.9316,910.75
105,2014,73,1037,21.193,8.9316,910.75
105,2014,73,1037,21.193,8.9312,910.71
105,2014,73,1037,21.193,8.9314,910.73
105,2014,73,1038,21.193,.07135,7.276
105,2014,73,1038,21.193,.07167,7.3078
105,2014,83,1425,21.053,.07062,7.2008
105,2014,83,1430,21.053,.07072,7.2116
105,2014,87,950,20.871,.07125,7.2656
105,2014,87,955,20.872,-7.1336,-727.41
105,2014,87,957,20.879,-.00001,-.00083
105,2014,87,957,20.909,-.00006,-.00618
105,2014,87,958,20.909,-.00005,-.00511
105,2014,197,1239,8.7253,.008,.81619
105,2014,197,1239,8.7514,.00803,.81852
105,2014,197,1240,8.8036,.00774,.78915
105,2014,197,1240,8.8036,.00745,.75925
105,2014,197,1241,8.882,.00714,.72847
105,2014,197,1241,8.9866,.00709,.72307
105,2014,197,1242,9.0661,.00711,.72478
105,2014,197,1242,9.1708,.00692,.70572
105,2014,197,1243,9.2757,.00676,.68948
105,2014,197,1243,9.4069,.00669,.68252
105,2014,197,1244,9.5382,.00673,.68593
105,2014,197,1244,9.6435,.00676,.68909
105,2014,197,1245,9.7495,.00664,.67669
105,2014,197,1245,9.8814,.00647,.65967
105,2014,197,1246,10.013,.00639,.65189
105,2014,197,1247,10.281,.00608,.6196
105,2014,197,1247,10.413,.00614,.62597
105,2014,197,1248,10.573,.00616,.62768
105,2014,197,1248,10.732,.00595,.60686
105,2014,197,1249,10.865,.00584,.59568
105,2014,197,1249,10.972,.00596,.60808
105,2014,197,1250,11.078,.00628,.64066
105,2014,197,1250,11.185,.00664,.67747
105,2014,197,1251,11.265,-7.1267,-726.71
105,2014,197,1251,11.372,-7.1264,-726.68
105,2014,197,1252,11.372,-7.1263,-726.67
105,2014,197,1252,11.372,-7.1265,-726.69
105,2014,197,1253,11.426,-7.127,-726.74
105,2014,197,1253,11.479,-7.1273,-726.77
105,2014,197,1254,11.56,-7.1274,-726.78
105,2014,198,1727,4.2729,-7.1236,-726.4
105,2014,198,1728,4.2729,-7.1235,-726.39
105,2014,198,1728,4.2218,-7.1236,-726.39
105,2014,198,1729,4.2218,-7.1235,-726.39
105,2014,198,1729,4.2218,-7.1235,-726.38
105,2014,198,1730,4.1962,-7.1234,-726.38
105,2014,198,1730,4.1718,-7.1233,-726.37
105,2014,198,1731,4.1718,-7.1234,-726.37
105,2014,198,1731,4.1718,-7.1233,-726.37
105,2014,198,1732,4.1718,-7.1233,-726.36
105,2014,198,1732,4.1462,-7.1232,-726.36
105,2014,198,1733,4.1207,-7.1232,-726.35
105,2014,198,1733,4.1215,-7.1231,-726.35
105,2014,198,1734,4.096,-7.1231,-726.34
105,2014,198,1734,4.0705,-7.1232,-726.35
105,2014,198,1735,4.0998,.00328,.33462
105,2014,198,1735,4.0487,.0034,.34712
105,2014,198,1736,4.0232,.00329,.33599
105,2014,198,1736,4.0232,.00325,.33166
105,2014,198,1737,4.0232,.00319,.32568
105,2014,198,1737,4.0232,.00319,.3249
105,2014,198,1738,3.972,.00314,.32062
105,2014,198,1738,3.9975,.00317,.32325
105,2014,198,1739,3.972,.00314,.32062
105,2014,198,1739,3.9716,-7.1232,-726.36
105,2014,198,1740,3.9972,-7.1233,-726.36
105,2014,198,1740,3.9461,-7.1232,-726.35
105,2014,198,1741,3.9461,-7.1232,-726.35
105,2014,198,1741,3.9461,-7.1232,-726.35
105,2014,198,1742,3.9206,-7.1232,-726.35
105,2014,198,1742,3.9461,.0001,.00982
105,2014,198,1743,3.9206,.00006,.00627
105,2014,198,1743,3.895,.00014,.01434
105,2014,198,1744,3.9206,.00012,.01269
105,2014,198,1744,3.9206,.00018,.01848
105,2014,198,1745,3.895,.00016,.01643
105,2014,198,1745,3.895,.00031,.03165
105,2014,198,1746,3.8694,.00027,.02791
105,2014,198,1746,3.8961,.00029,.02947
105,2014,198,1747,3.8448,.00047,.04819
105,2014,198,1747,3.8193,.00114,.11601
105,2014,198,1748,3.5894,.06205,6.3276
105,2014,198,1748,3.3848,.20188,20.586
105,2014,198,1749,3.2058,.3982,40.604
105,2014,198,1749,2.9496,.54516,55.59
105,2014,198,1750,2.6677,.76725,78.237
105,2014,198,1750,2.3854,.93091,94.925
105,2014,198,1751,2.1024,1.035,105.54
105,2014,198,1751,1.8447,1.2013,122.5
105,2014,198,1752,1.6122,1.3513,137.79
105,2014,198,1752,1.4309,1.5743,160.53
105,2014,198,1753,1.2234,1.7061,173.97
105,2014,198,1753,1.0415,1.7071,174.08
105,2014,198,1754,.91125,1.9157,195.34
105,2014,198,1754,.75468,1.9471,198.54
105,2014,198,1755,.65012,1.9966,203.59
105,2014,198,1755,.54632,2.0543,209.48
105,2014,198,1756,.46766,2.0838,212.48
105,2014,198,1756,.38895,2.0864,212.75
105,2014,198,1757,.28378,2.0893,213.05
105,2014,198,1757,.23117,2.0889,213.01
105,2014,198,1758,.1785,2.0743,211.51
105,2014,198,1758,.12651,2.0677,210.84
105,2014,198,1759,.07372,2.0677,210.85
105,2014,198,1759,.04733,2.0503,209.06
105,2014,198,1800,.02095,2.0424,208.26
105,2014,198,1800,-.00549,2.0516,209.2
105,2014,198,1801,-.03196,2.0527,209.31
105,2014,198,1801,-.05882,2.0535,209.4
105,2014,198,1802,-.08529,2.0525,209.3
105,2014,198,1802,-.08529,2.0386,207.88
105,2014,198,1803,-.11176,1.9973,203.66
105,2014,198,1803,-.13825,2.0132,205.29
105,2014,198,1804,-.13825,2.013,205.27
105,2014,198,1804,-.13863,2.0148,205.45
105,2014,198,1805,-.16512,2.0125,205.21
105,2014,198,1805,-.16512,2.0148,205.45
105,2014,198,1806,-.16512,2.0148,205.45
105,2014,198,1806,-.19162,2.0147,205.44
105,2014,198,1807,-.19162,2.0148,205.45
105,2014,198,1807,-.19189,2.0149,205.45
105,2014,198,1830,-.24386,2.0143,205.4
105,2014,198,1900,-.24092,2.0136,205.33
105,2014,198,1930,-.24264,2.0128,205.25
105,2014,198,2000,-.24165,2.0119,205.15
105,2014,198,2030,-.24154,2.0114,205.1
105,2014,198,2100,-.24136,2.0103,204.99
105,2014,198,2130,-.24102,2.0091,204.87
105,2014,198,2200,-.24096,2.0081,204.76
105,2014,198,2230,-.24096,2.0072,204.67
105,2014,198,2300,-.24096,2.0063,204.59
105,2014,198,2330,-.24113,2.0051,204.46
105,2014,199,0,-.24152,2.004,204.35
105,2014,199,30,-.241,2.0032,204.26
105,2014,199,100,-.24096,2.002,204.15
105,2014,199,130,-.24096,2.0024,204.18
105,2014,199,200,-.24081,1.9986,203.8
105,2014,199,230,-.24094,1.9963,203.56
105,2014,199,300,-.24095,1.9982,203.76
105,2014,199,330,-.24095,2.0092,204.88
105,2014,199,400,-.24095,2.0299,206.98
105,2014,199,430,-.24095,2.0489,208.92
105,2014,199,500,-.24095,2.0593,209.99
105,2014,199,530,-.24095,2.0624,210.3
105,2014,199,600,-.24095,2.0612,210.18
105,2014,199,630,-.24095,2.0587,209.93
105,2014,199,700,-.24095,2.0562,209.67
105,2014,199,730,-.24095,2.0536,209.41
105,2014,199,800,-.24095,2.0494,208.98
105,2014,199,830,-.24095,2.0439,208.41
105,2014,199,900,-.24095,2.0383,207.85
105,2014,199,930,-.24095,2.0325,207.25
105,2014,199,1000,-.24095,2.0289,206.88
105,2014,199,1030,-.24095,2.0264,206.64
105,2014,199,1100,-.24095,2.0231,206.3
105,2014,199,1130,-.24095,2.0181,205.79
105,2014,199,1200,-.24095,2.0125,205.22
105,2014,199,1230,-.24095,2.0075,204.7
105,2014,199,1300,-.2406,2.004,204.34
105,2014,199,1330,-.24094,2.0021,204.16
105,2014,199,1400,-.23983,2.0004,203.98
105,2014,199,1430,-.23957,1.9992,203.86
105,2014,199,1500,-.23946,1.9977,203.7
105,2014,199,1530,-.23863,1.9962,203.55
105,2014,199,1600,-.23615,1.9948,203.41
105,2014,199,1630,-.23589,1.9943,203.36
105,2014,199,1700,-.23586,1.993,203.23
105,2014,199,1730,-.23586,1.9933,203.25
105,2014,199,1800,-.23586,1.9942,203.35
105,2014,199,1830,-.23586,1.9943,203.35
105,2014,199,1900,-.23586,1.9946,203.39
105,2014,199,1930,-.23586,1.9961,203.55
105,2014,199,2000,-.23586,1.9979,203.73
105,2014,199,2030,-.23586,1.999,203.83
105,2014,199,2100,-.23586,1.9998,203.92
105,2014,199,2130,-.23586,2.0005,203.99
105,2014,199,2200,-.23586,2.0012,204.06
105,2014,199,2230,-.23586,2.002,204.14
105,2014,199,2300,-.23586,2.0028,204.23
105,2014,199,2330,-.23586,2.0043,204.38
105,2014,200,0,-.23586,2.0061,204.56
105,2014,200,30,-.23586,2.0089,204.85
105,2014,200,100,-.23882,2.0111,205.07
105,2014,200,130,-.23963,2.0136,205.32
105,2014,200,200,-.23901,2.0156,205.53
105,2014,200,230,-.23928,2.0174,205.71
105,2014,200,300,-.23956,2.018,205.78
105,2014,200,330,-.23994,2.0186,205.83
105,2014,200,400,-.23956,2.0183,205.8
105,2014,200,430,-.23981,2.0183,205.8
105,2014,200,500,-.24045,2.0176,205.73
105,2014,200,530,-.23987,2.0164,205.61
105,2014,200,600,-.24003,2.0127,205.23
105,2014,200,630,-.24032,2.0489,208.93
105,2014,200,700,-.24044,2.0525,209.29
105,2014,200,730,-.23949,2.049,208.93
105,2014,200,800,-.23925,2.0447,208.5
105,2014,200,830,-.23692,2.0413,208.15
105,2014,200,900,-.23953,2.039,207.92
105,2014,200,930,-.23935,2.0359,207.6
105,2014,200,1000,-.23895,2.0332,207.32
105,2014,200,1030,-.23837,2.0307,207.07
105,2014,200,1100,-.23905,2.0291,206.91
105,2014,200,1130,-.23875,2.0283,206.82
105,2014,200,1200,-.23644,2.028,206.8
105,2014,200,1230,-.23591,2.0285,206.85
105,2014,200,1300,-.23586,2.0281,206.81
105,2014,200,1330,-.23586,2.0303,207.03
105,2014,200,1400,-.23586,2.0345,207.45
105,2014,200,1430,-.23586,2.0411,208.13
105,2014,200,1500,-.23586,2.048,208.83
105,2014,200,1530,-.23586,2.053,209.34
105,2014,200,1600,-.23586,2.0562,209.67
105,2014,200,1630,-.23586,2.0604,210.1
105,2014,200,1700,-.23586,2.0642,210.49
105,2014,200,1730,-.23586,2.0691,210.98
105,2014,200,1800,-.23586,2.0735,211.43
105,2014,200,1830,-.23586,2.0759,211.68
105,2014,200,1900,-.23586,2.0785,211.95
105,2014,200,1930,-.23586,2.0797,212.07
105,2014,200,2000,-.23586,2.0777,211.86
105,2014,200,2030,-.23586,2.0724,211.32
105,2014,200,2100,-.23586,2.063,210.36
105,2014,200,2130,-.23586,2.0567,209.72
105,2014,200,2200,-.23586,2.051,209.14
105,2014,200,2230,-.23586,2.0477,208.8
105,2014,200,2300,-.23586,2.0458,208.61
105,2014,200,2330,-.23586,2.0442,208.44
105,2014,201,0,-.23586,2.0408,208.1
105,2014,201,30,-.23586,2.0369,207.71
105,2014,201,100,-.23586,2.0328,207.29
105,2014,201,130,-.23586,2.0292,206.91
105,2014,201,200,-.23586,2.0271,206.71
105,2014,201,230,-.23586,2.0265,206.64
105,2014,201,300,-.23586,2.0265,206.64
105,2014,201,330,-.23586,2.0255,206.54
105,2014,201,400,-.23586,2.0247,206.45
105,2014,201,430,-.23586,2.0236,206.35
105,2014,201,500,-.23586,2.0247,206.46
105,2014,201,530,-.23586,2.0246,206.45
105,2014,201,600,-.23586,2.0243,206.42
105,2014,201,630,-.23586,2.0238,206.37
105,2014,201,700,-.23586,2.0239,206.37
105,2014,201,730,-.23586,2.1281,217.01
105,2014,201,800,-.23586,2.1829,222.59
105,2014,201,830,-.23586,2.1824,222.53
105,2014,201,900,-.23586,2.1597,220.23
105,2014,201,930,-.23586,2.1201,216.18
105,2014,201,1000,-.23586,2.0934,213.46
105,2014,201,1030,-.23586,2.0658,210.65
105,2014,201,1100,-.23586,2.0155,205.52
105,2014,201,1130,-.23586,1.9665,200.52
105,2014,201,1200,-.23586,1.9383,197.64
105,2014,201,1230,-.23586,1.9089,194.66
105,2014,201,1300,-.23586,1.8883,192.55
105,2014,201,1330,-.23586,1.8768,191.37
105,2014,201,1400,-.23586,1.869,190.59
105,2014,201,1430,-.23586,1.8679,190.47
105,2014,201,1500,-.23586,1.8659,190.27
105,2014,201,1530,-.23521,1.8641,190.08
105,2014,201,1600,-.23484,1.8644,190.12
105,2014,201,1630,-.23475,1.8644,190.12
105,2014,201,1700,-.23518,1.865,190.18
105,2014,201,1730,-.2325,1.8668,190.35
105,2014,201,1800,-.23381,1.8699,190.67
105,2014,201,1830,-.23397,1.8721,190.9
105,2014,201,1900,-.23512,1.874,191.09
105,2014,201,1930,-.23578,1.8766,191.35
105,2014,201,2000,-.23584,1.8788,191.59
105,2014,201,2030,-.23582,1.8815,191.86
105,2014,201,2100,-.23582,1.8844,192.16
105,2014,201,2130,-.23582,1.8877,192.49
105,2014,201,2200,-.23582,1.8913,192.85
105,2014,201,2230,-.23582,1.893,193.03
105,2014,201,2300,-.23582,1.8976,193.5
105,2014,201,2330,-.23582,1.9017,193.91
105,2014,202,0,-.23582,1.9029,194.04
105,2014,202,30,-.23582,1.9029,194.04
105,2014,202,100,-.23582,1.9014,193.89
105,2014,202,130,-.236,1.8991,193.65
105,2014,202,200,-.23589,1.8994,193.68
105,2014,202,230,-.23586,1.9014,193.88
105,2014,202,300,-.23586,1.9033,194.08
105,2014,202,330,-.23586,1.905,194.25
105,2014,202,400,-.23586,1.9064,194.4
105,2014,202,430,-.23505,1.9084,194.59
105,2014,202,500,-.23579,1.9137,195.14
105,2014,202,530,-.23571,1.9191,195.7
105,2014,202,600,-.23583,1.926,196.4
105,2014,202,630,-.23478,1.93,196.8
105,2014,202,700,-.23576,1.9333,197.14
105,2014,202,730,-.2356,1.9352,197.33
105,2014,202,800,-.23557,1.9369,197.5
105,2014,202,830,-.23542,1.9378,197.6
105,2014,202,900,-.2358,1.9387,197.69
105,2014,202,930,-.23484,1.9408,197.9
105,2014,202,1000,-.23566,1.943,198.13
105,2014,202,1030,-.23585,1.9446,198.3
105,2014,202,1100,-.23582,1.9464,198.48
105,2014,202,1130,-.23582,1.9495,198.8
105,2014,202,1200,-.23582,1.9526,199.11
105,2014,202,1230,-.23582,1.9534,199.19
105,2014,202,1300,-.23582,1.956,199.45
105,2014,202,1330,-.23582,1.9576,199.61
105,2014,202,1400,-.23582,1.9587,199.73
105,2014,202,1430,-.23582,1.9579,199.65
105,2014,202,1500,-.23582,1.9569,199.54
105,2014,202,1530,-.23582,1.9558,199.43
105,2014,202,1600,-.23582,1.9566,199.51
105,2014,202,1630,-.23582,1.9595,199.81
105,2014,202,1700,-.23582,1.963,200.17
105,2014,202,1730,-.23582,1.9651,200.38
105,2014,202,1800,-.23582,1.9661,200.48
105,2014,202,1830,-.23582,1.9664,200.51
105,2014,202,1900,-.23582,1.9667,200.54
105,2014,202,1930,-.23582,1.967,200.57
105,2014,202,2000,-.23582,1.9703,200.91
105,2014,202,2030,-.23582,1.971,200.98
105,2014,202,2100,-.23582,1.9713,201.01
105,2014,202,2130,-.23582,1.9714,201.03
105,2014,202,2200,-.23582,1.9686,200.73
105,2014,202,2230,-.23582,1.9655,200.43
105,2014,202,2300,-.23582,1.9642,200.29
105,2014,202,2330,-.23582,1.9634,200.21
105,2014,203,0,-.23582,1.963,200.17
105,2014,203,30,-.23582,1.9628,200.15
105,2014,203,100,-.23582,1.9625,200.12
105,2014,203,130,-.23582,1.9618,200.05
105,2014,203,200,-.23582,1.9634,200.2
105,2014,203,230,-.23582,1.9636,200.23
105,2014,203,300,-.23582,1.963,200.17
105,2014,203,330,-.23582,1.961,199.96
105,2014,203,400,-.23582,1.9583,199.69
105,2014,203,430,-.23582,1.9562,199.47
105,2014,203,500,-.23582,1.9536,199.21
105,2014,203,530,-.23582,1.9501,198.85
105,2014,203,600,-.23769,1.9463,198.46
105,2014,203,630,-.23632,1.9428,198.11
105,2014,203,700,-.2359,1.9415,197.97
105,2014,203,730,-.23586,1.9408,197.9
105,2014,203,800,-.23586,1.941,197.92
105,2014,203,830,-.23586,1.9407,197.9
105,2014,203,900,-.23586,1.9392,197.74
105,2014,203,930,-.23586,1.9368,197.5
105,2014,203,1000,-.23586,1.9355,197.36
105,2014,203,1030,-.23586,1.9353,197.34
105,2014,203,1100,-.23586,1.9355,197.36
105,2014,203,1130,-.23586,1.9365,197.46
105,2014,203,1200,-.23586,1.9368,197.49
105,2014,203,1230,-.23586,1.9358,197.4
105,2014,203,1300,-.23586,1.9348,197.29
105,2014,203,1330,-.23586,1.9335,197.16
105,2014,203,1400,-.23586,1.9318,196.99
105,2014,203,1430,-.23586,1.9304,196.84
105,2014,203,1500,-.23586,1.9292,196.72
105,2014,203,1530,-.23586,1.9274,196.54
105,2014,203,1600,-.23586,1.9257,196.37
105,2014,203,1630,-.23586,1.9247,196.26
105,2014,203,1700,-.23586,1.923,196.09
105,2014,203,1730,-.23689,1.922,195.99
105,2014,203,1800,-.23598,1.9196,195.74
105,2014,203,1830,-.23588,1.9187,195.65
105,2014,203,1900,-.23586,1.9203,195.81
105,2014,203,1930,-.23586,1.9245,196.24
105,2014,203,2000,-.23586,1.9253,196.32
105,2014,203,2030,-.23586,1.9259,196.39
105,2014,203,2100,-.23586,1.9273,196.53
105,2014,203,2130,-.23586,1.9281,196.61
105,2014,203,2200,-.23586,1.9291,196.71
105,2014,203,2230,-.23586,1.9305,196.85
105,2014,203,2300,-.23586,1.9315,196.96
105,2014,203,2330,-.23586,1.9315,196.96
105,2014,204,0,-.23586,1.9313,196.94
105,2014,204,30,-.23586,1.9321,197.02
105,2014,204,100,-.23586,1.9321,197.02
105,2014,204,130,-.23586,1.9318,196.99
105,2014,204,200,-.23804,1.9311,196.91
105,2014,204,230,-.23606,1.9292,196.72
105,2014,204,300,-.23591,1.9267,196.47
105,2014,204,330,-.23586,1.9239,196.18
105,2014,204,400,-.2393,1.921,195.88
105,2014,204,430,-.23978,1.9176,195.54
105,2014,204,500,-.23935,1.9144,195.21
105,2014,204,530,-.23837,1.9113,194.89
105,2014,204,600,-.24064,1.9087,194.63
105,2014,204,630,-.24115,1.9068,194.44
105,2014,204,700,-.24179,1.9043,194.18
105,2014,204,730,-.24107,1.9027,194.01
105,2014,204,800,-.24132,1.902,193.94
105,2014,204,830,-.24202,1.9021,193.96
105,2014,204,900,-.24107,1.9021,193.96
105,2014,204,930,-.24097,1.9313,196.93
105,2014,204,1000,-.24096,1.9827,202.18
105,2014,204,1030,-.2401,2.1381,218.02
105,2014,204,1100,-.2399,2.1621,220.47
105,2014,204,1130,-.23949,2.1449,218.72
105,2014,204,1200,-.23911,2.1257,216.76
105,2014,204,1230,-.24106,2.1072,214.87
105,2014,204,1300,-.23912,2.0901,213.13
105,2014,204,1330,-.23863,2.0697,211.05
105,2014,204,1400,-.23895,2.0442,208.45
105,2014,204,1430,-.23795,2.0164,205.62
105,2014,204,1500,-.2399,1.9907,202.99
105,2014,204,1530,-.23958,1.9747,201.36
105,2014,204,1600,-.23932,1.9613,199.99
105,2014,204,1630,-.23972,1.9505,198.89
105,2014,204,1700,-.23943,1.9414,197.97
105,2014,204,1730,-.24081,1.9352,197.33
105,2014,204,1800,-.2399,1.9336,197.17
105,2014,204,1830,-.2407,1.9326,197.07
105,2014,204,1900,-.24021,1.9308,196.88
105,2014,204,1930,-.24012,1.9315,196.95
105,2014,204,2000,-.23952,1.9316,196.97
105,2014,204,2030,-.23865,1.932,197.01
105,2014,204,2100,-.23862,1.9324,197.05
105,2014,204,2130,-.24004,1.9321,197.01
105,2014,204,2200,-.24071,1.932,197.01
105,2014,204,2230,-.24094,1.9314,196.94
105,2014,204,2300,-.24114,1.9308,196.88
105,2014,204,2330,-.24129,1.9302,196.83
105,2014,205,0,-.24099,1.9298,196.78
105,2014,205,30,-.23995,1.9295,196.75
105,2014,205,100,-.24084,1.929,196.7
105,2014,205,130,-.24094,1.9285,196.65
105,2014,205,200,-.24095,1.9282,196.62
105,2014,205,230,-.24095,1.9276,196.56
105,2014,205,300,-.24095,1.9267,196.46
105,2014,205,330,-.24095,1.9254,196.33
105,2014,205,400,-.24095,1.9232,196.11
105,2014,205,430,-.24095,1.9205,195.84
105,2014,205,500,-.24095,1.9175,195.53
105,2014,205,530,-.24095,1.9142,195.2
105,2014,205,600,-.24095,1.9109,194.86
105,2014,205,630,-.24095,1.9088,194.64
105,2014,205,700,-.24095,1.9061,194.36
105,2014,205,730,-.24095,1.904,194.15
105,2014,205,800,-.24095,1.9026,194.01
105,2014,205,830,-.24095,1.9017,193.91
105,2014,205,900,-.24095,1.9005,193.79
105,2014,205,930,-.24075,1.9019,193.94
105,2014,205,1000,-.24094,1.9018,193.92
105,2014,205,1030,-.24016,1.9014,193.89
105,2014,205,1100,-.23901,1.9021,193.95
105,2014,205,1130,-.23907,1.9029,194.04
105,2014,205,1200,-.23731,1.904,194.15
105,2014,205,1230,-.23602,1.9063,194.38
105,2014,205,1300,-.23588,1.9091,194.67
105,2014,205,1330,-.23586,1.9124,195.01
105,2014,205,1400,-.23586,1.9164,195.41
105,2014,205,1430,-.23586,1.92,195.78
105,2014,205,1500,-.23586,1.9237,196.16
105,2014,205,1530,-.23586,1.9264,196.44
105,2014,205,1600,-.23586,1.9284,196.64
105,2014,205,1630,-.23586,1.9298,196.78
105,2014,205,1700,-.23771,1.9305,196.85
105,2014,205,1730,-.24101,1.9303,196.83
105,2014,205,1800,-.24096,1.9308,196.89
105,2014,205,1830,-.24053,1.9307,196.88
105,2014,205,1900,-.23905,1.9315,196.95
105,2014,205,1930,-.23812,1.9328,197.08
105,2014,205,2000,-.23611,1.9344,197.25
105,2014,205,2030,-.23591,1.9365,197.46
105,2014,205,2100,-.23603,1.9381,197.62
105,2014,205,2130,-.2395,1.9391,197.73
105,2014,205,2200,-.23852,1.9395,197.77
105,2014,205,2230,-.23946,1.9402,197.84
105,2014,205,2300,-.23994,1.9397,197.79
105,2014,205,2330,-.24021,1.9394,197.76
105,2014,206,0,-.2409,1.9394,197.76
105,2014,206,30,-.24107,1.9395,197.77
105,2014,206,100,-.24062,1.9393,197.75
105,2014,206,130,-.24043,1.9387,197.69
105,2014,206,200,-.24037,1.9382,197.64
105,2014,206,230,-.24092,1.9379,197.61
105,2014,206,300,-.24114,1.9364,197.45
105,2014,206,330,-.24096,1.9353,197.34
105,2014,206,400,-.24096,1.9347,197.28
105,2014,206,430,-.24115,1.9336,197.16
105,2014,206,500,-.24182,1.9322,197.02
105,2014,206,530,-.24107,1.931,196.9
105,2014,206,600,-.24132,1.9301,196.81
105,2014,206,630,-.24101,1.9292,196.72
105,2014,206,700,-.24107,1.9281,196.61
105,2014,206,730,-.24097,1.9268,196.47
105,2014,206,800,-.24096,1.9254,196.33
105,2014,206,830,-.24113,1.924,196.19
105,2014,206,900,-.24152,1.923,196.09
105,2014,206,930,-.241,1.9217,195.96
105,2014,206,1000,-.2412,1.9205,195.83
105,2014,206,1030,-.24182,1.9188,195.66
105,2014,206,1100,-.24103,1.9181,195.58
105,2014,206,1130,-.24081,1.9175,195.53
105,2014,206,1200,-.24196,1.9176,195.54
105,2014,206,1230,-.2383,1.9189,195.67
105,2014,206,1300,-.2383,1.9209,195.87
105,2014,206,1330,-.23879,1.9233,196.12
105,2014,206,1400,-.23855,1.9255,196.34
105,2014,206,1430,-.24096,1.9273,196.52
105,2014,206,1500,-.24096,1.9296,196.76
105,2014,206,1530,-.24113,1.9339,197.2
105,2014,206,1600,-.24162,1.939,197.72
105,2014,206,1630,-.24103,1.9441,198.24
105,2014,206,1700,-.24124,1.9479,198.63
105,2014,206,1730,-.24202,1.9506,198.9
105,2014,206,1800,-.24053,1.9523,199.08
105,2014,206,1830,-.24084,1.9535,199.2
105,2014,206,1900,-.24094,1.9549,199.34
105,2014,206,1930,-.2411,1.9556,199.42
105,2014,206,2000,-.24141,1.9562,199.47
105,2014,206,2030,-.24102,1.9566,199.51
105,2014,206,2100,-.24117,1.9565,199.51
105,2014,206,2130,-.24162,1.9559,199.44
105,2014,206,2200,-.241,1.9557,199.42
105,2014,206,2230,-.2412,1.9555,199.4
105,2014,206,2300,-.24182,1.9554,199.39
105,2014,206,2330,-.24107,1.9551,199.36
105,2014,207,0,-.24132,1.9548,199.33
105,2014,207,30,-.24099,1.9552,199.37
105,2014,207,100,-.24096,1.956,199.46
105,2014,207,130,-.24096,1.9569,199.54
105,2014,207,200,-.24096,1.9576,199.61
105,2014,207,230,-.24096,1.9579,199.65
105,2014,207,300,-.24096,1.9581,199.67
105,2014,207,330,-.24096,1.9582,199.68
105,2014,207,400,-.24096,1.9584,199.69
105,2014,207,430,-.24096,1.9585,199.71
105,2014,207,500,-.24096,1.9583,199.69
105,2014,207,530,-.24096,1.9584,199.69
105,2014,207,600,-.24096,1.9585,199.71
105,2014,207,630,-.24096,1.9587,199.73
105,2014,207,700,-.24096,1.9588,199.74
105,2014,207,730,-.24096,1.9595,199.81
105,2014,207,800,-.24096,1.9602,199.88
105,2014,207,830,-.24096,1.9607,199.93
105,2014,207,900,-.24096,1.9613,200
105,2014,207,930,-.24096,1.9618,200.04
105,2014,207,1000,-.24096,1.962,200.07
105,2014,207,1030,-.24096,1.9623,200.1
105,2014,207,1100,-.24096,1.9628,200.14
105,2014,207,1130,-.24096,1.9631,200.18
105,2014,207,1200,-.24096,1.9633,200.19
105,2014,207,1230,-.24096,1.9635,200.22
105,2014,207,1300,-.24096,1.9641,200.28
105,2014,207,1330,-.24074,1.965,200.37
105,2014,207,1400,-.24007,1.9662,200.49
105,2014,207,1430,-.23686,1.9677,200.65
105,2014,207,1500,-.23907,1.9688,200.76
105,2014,207,1530,-.23975,1.97,200.88
105,2014,207,1600,-.23941,1.9712,201
105,2014,207,1630,-.24036,1.9722,201.11
105,2014,207,1700,-.23898,1.9729,201.18
105,2014,207,1730,-.23946,1.9738,201.27
105,2014,207,1800,-.23893,1.9744,201.33
105,2014,207,1830,-.23981,1.9754,201.43
105,2014,207,1900,-.2403,1.9764,201.54
105,2014,207,1930,-.23952,1.9773,201.63
105,2014,207,2000,-.24035,1.9778,201.68
105,2014,207,2030,-.24092,1.9793,201.83
105,2014,207,2100,-.24095,1.9804,201.94
105,2014,207,2130,-.24095,1.9814,202.04
105,2014,207,2200,-.24095,1.982,202.11
105,2014,207,2230,-.24095,1.9826,202.16
105,2014,207,2300,-.24095,1.9831,202.22
105,2014,207,2330,-.24095,1.9837,202.28
105,2014,208,0,-.24095,1.9839,202.3
105,2014,208,30,-.24095,1.9841,202.32
105,2014,208,100,-.24113,1.9843,202.34
105,2014,208,130,-.24164,1.9843,202.34
105,2014,208,200,-.24103,1.9837,202.28
105,2014,208,230,-.24124,1.9824,202.14
105,2014,208,300,-.2421,1.981,202
105,2014,208,330,-.24106,2.1154,215.71
105,2014,208,400,-.24132,2.166,220.87
105,2014,208,430,-.24101,2.1629,220.55
105,2014,208,500,-.24132,2.1558,219.83
105,2014,208,530,-.24169,2.1448,218.7
105,2014,208,600,-.24104,2.1279,216.98
105,2014,208,630,-.24113,2.1159,215.76
105,2014,208,700,-.24162,2.1043,214.58
105,2014,208,730,-.241,2.0943,213.56
105,2014,208,800,-.2412,2.0837,212.47
105,2014,208,830,-.24182,2.0733,211.42
105,2014,208,900,-.24107,2.0631,210.37
105,2014,208,930,-.24147,2.0486,208.9
105,2014,208,1000,-.24203,2.0362,207.63
105,2014,208,1030,-.24106,2.0258,206.58
105,2014,208,1100,-.23956,2.0119,205.15
105,2014,208,1130,-.23872,2.0039,204.34
105,2014,208,1200,-.23811,1.9961,203.54
105,2014,208,1230,-.23634,1.9881,202.73
105,2014,208,1300,-.2359,1.9824,202.14
105,2014,208,1330,-.23606,1.9785,201.75
105,2014,208,1400,-.23587,1.9758,201.47
105,2014,208,1430,-.23586,1.9739,201.27
105,2014,208,1500,-.23586,1.973,201.19
105,2014,208,1530,-.23586,1.9729,201.17
105,2014,208,1600,-.23586,1.973,201.19
105,2014,208,1630,-.23586,1.9735,201.24
105,2014,208,1700,-.23586,1.9743,201.32
105,2014,208,1730,-.23586,1.9754,201.43
105,2014,208,1800,-.23567,1.9766,201.55
105,2014,208,1830,-.23583,1.9773,201.63
105,2014,208,1900,-.23582,1.978,201.7
105,2014,208,1930,-.23582,1.9797,201.87
105,2014,208,2000,-.23582,1.9818,202.08
105,2014,208,2030,-.23582,1.9841,202.32
105,2014,208,2100,-.23582,1.9868,202.59
105,2014,208,2130,-.23582,1.9899,202.91
105,2014,208,2200,-.23582,1.9927,203.19
105,2014,208,2230,-.23582,1.9948,203.41
105,2014,208,2300,-.23582,1.997,203.64
105,2014,208,2330,-.23582,1.9985,203.79
105,2014,209,0,-.23582,1.9996,203.9
105,2014,209,30,-.23938,2.0005,203.99
105,2014,209,100,-.24081,2.0006,204
105,2014,209,130,-.24094,2.0006,204
105,2014,209,200,-.24095,2.0005,203.99
105,2014,209,230,-.24131,2.0003,203.97
105,2014,209,300,-.24103,1.9997,203.91
105,2014,209,330,-.24096,1.999,203.84
105,2014,209,400,-.24096,1.998,203.74
105,2014,209,430,-.24096,1.9968,203.61
105,2014,209,500,-.24096,1.9954,203.47
105,2014,209,530,-.24096,1.9936,203.29
105,2014,209,600,-.24096,1.9918,203.11
105,2014,209,630,-.24096,1.9902,202.94
105,2014,209,700,-.24096,1.9882,202.74
105,2014,209,730,-.24096,1.9865,202.56
105,2014,209,800,-.24096,1.9848,202.39
105,2014,209,830,-.24096,1.9831,202.22
105,2014,209,900,-.24198,1.9814,202.05
105,2014,209,930,-.24107,1.9797,201.87
105,2014,209,1000,-.24097,1.9782,201.71
105,2014,209,1030,-.24096,1.9766,201.55
105,2014,209,1100,-.24198,1.9754,201.43
105,2014,209,1130,-.24142,1.9744,201.33
105,2014,209,1200,-.24101,1.9738,201.26
105,2014,209,1230,-.24096,1.9735,201.24
105,2014,209,1300,-.24096,1.9734,201.23
105,2015,190,1300,-.40112,2.0491,208.95
105,2015,190,1330,-.40055,2.0503,209.07
105,2015,190,1400,-.4271,2.0511,209.15
105,2015,190,1430,-.40049,2.0516,209.2
105,2015,190,1500,-.42712,2.052,209.24
105,2015,190,1530,-.39893,2.0525,209.29
105,2015,190,1600,-.42386,2.053,209.34
105,2015,190,1630,-.42244,2.0574,209.8
105,2015,190,1700,-.39789,2.0599,210.05
105,2015,190,1730,-.39828,2.0613,210.19
105,2015,190,1800,-.39821,2.0623,210.29
105,2015,190,1830,-.39842,2.0634,210.41
105,2015,190,1900,-.39606,2.068,210.88
105,2015,190,1930,-.3959,2.0732,211.41
105,2015,190,2000,-.42301,2.076,211.69
105,2015,190,2030,-.396,2.0771,211.8
105,2015,190,2100,-.3958,2.0781,211.91
105,2015,190,2130,-.42416,2.0791,212
105,2015,190,2200,-.39848,2.0876,212.87
105,2015,190,2230,-.39839,2.0934,213.47
105,2015,190,2300,-.39992,2.0937,213.49
105,2015,190,2330,-.39921,2.0936,213.49
105,2015,191,0,-.42678,2.0929,213.42
105,2015,191,30,-.4002,2.0915,213.27
105,2015,191,100,-.40042,2.0898,213.1
105,2015,191,130,-.40045,2.0887,212.98
105,2015,191,200,-.40007,2.0879,212.9
105,2015,191,230,-.40041,2.0843,212.54
105,2015,191,300,-.40045,2.0814,212.24
105,2015,191,330,-.40045,2.0779,211.88
105,2015,191,400,-.40045,2.0721,211.29
105,2015,191,430,-.40045,2.0708,211.16
105,2015,191,500,-.40045,2.0705,211.13
105,2015,191,530,-.40045,2.0695,211.03
105,2015,191,600,-.40045,2.0682,210.89
105,2015,191,630,-.40045,2.0657,210.64
105,2015,191,700,-.40045,2.0641,210.47
105,2015,191,730,-.40045,2.0646,210.53
105,2015,191,800,-.40045,2.0654,210.61
105,2015,191,830,-.40045,2.0656,210.63
105,2015,191,900,-.40045,2.0657,210.64
105,2015,191,930,-.40045,2.0658,210.65
105,2015,191,1000,-.40045,2.0644,210.51
105,2015,191,1030,-.40045,2.0646,210.53
105,2015,191,1100,-.40045,2.0651,210.57
105,2015,191,1130,-.40045,2.0655,210.62
105,2015,191,1200,-.40007,2.0662,210.69
105,2015,191,1230,-.39957,2.0672,210.79
105,2015,191,1300,-.39773,2.0681,210.89
105,2015,191,1330,-.39906,2.0687,210.95
105,2015,191,1400,-.39825,2.0694,211.01
105,2015,191,1430,-.39771,2.0702,211.09
105,2015,191,1500,-.39812,2.0711,211.19
105,2015,191,1530,-.42513,2.0721,211.29
105,2015,191,1600,-.39649,2.0731,211.39
105,2015,191,1630,-.40048,2.066,210.67
105,2015,191,1700,-.40048,2.0677,210.85
105,2015,191,1730,-.42709,2.0691,210.99
105,2015,191,1800,-.40048,2.0694,211.01
105,2015,191,1830,-.39624,2.07,211.08
105,2015,191,1900,-.39517,2.0709,211.17
105,2015,191,1930,-.39498,2.0717,211.25
105,2015,191,2000,-.42196,2.0726,211.34
105,2015,191,2030,-.42216,2.0734,211.43
105,2015,191,2100,-.4229,2.0742,211.51
105,2015,191,2130,-.42316,2.0749,211.58
105,2015,191,2200,-.39655,2.0756,211.64
105,2015,191,2230,-.39702,2.0761,211.7
105,2015,191,2300,-.39618,2.0767,211.76
105,2015,191,2330,-.42398,2.0771,211.8
105,2015,192,0,-.37173,2.0776,211.85
105,2015,192,30,-.42421,2.0778,211.88
105,2015,192,100,-.42659,2.0783,211.92
105,2015,192,130,-.39967,2.0787,211.97
105,2015,192,200,-.39996,2.0792,212.02
105,2015,192,230,-.42549,2.0794,212.04
105,2015,192,300,-.40016,2.08,212.1
105,2015,192,330,-.4003,2.0803,212.13
105,2015,192,400,-.40047,2.0808,212.18
105,2015,192,430,-.39983,2.0809,212.19
105,2015,192,500,-.40039,2.0804,212.14
105,2015,192,530,-.40049,2.0796,212.05
105,2015,192,600,-.40045,2.0785,211.95
105,2015,192,630,-.40045,2.0775,211.85
105,2015,192,700,-.40045,2.0766,211.75
105,2015,192,730,-.40045,2.076,211.69
105,2015,192,800,-.40045,2.0753,211.62
105,2015,192,830,-.42696,2.0739,211.47
105,2015,192,900,-.40047,2.0722,211.3
105,2015,192,930,-.42574,2.0709,211.17
105,2015,192,1000,-.40014,2.07,211.07
105,2015,192,1030,-.4259,2.0694,211.02
105,2015,192,1100,-.42552,2.069,210.98
105,2015,192,1130,-.37256,2.0688,210.96
105,2015,192,1200,-.42321,2.0688,210.95
105,2015,192,1230,-.42327,2.0686,210.94
105,2015,192,1300,-.37022,2.0685,210.92
105,2015,192,1330,-.3962,2.0686,210.93
105,2015,192,1400,-.39706,2.0688,210.96
105,2015,192,1430,-.39555,2.0694,211.02
105,2015,192,1500,-.39328,2.0703,211.11
105,2015,192,1530,-.39465,2.0719,211.27
105,2015,192,1600,-.39529,2.073,211.38
105,2015,192,1630,-.39537,2.0736,211.45
105,2015,192,1700,-.3954,2.0743,211.52
105,2015,192,1730,-.39553,2.0752,211.61
105,2015,192,1800,-.42204,2.076,211.69
105,2015,192,1830,-.39539,2.0768,211.77
105,2015,192,1900,-.39539,2.0775,211.84
105,2015,192,1930,-.39474,2.0784,211.93
105,2015,192,2000,-.39531,2.0791,212.01
105,2015,192,2030,-.36875,2.0797,212.07
105,2015,192,2100,-.42226,2.0807,212.17
105,2015,192,2130,-.36878,2.0814,212.24
105,2015,192,2200,-.3705,2.1022,214.36
105,2015,192,2230,-.42262,2.1022,214.36
105,2015,192,2300,-.39689,2.1022,214.37
105,2015,192,2330,-.39585,2.1023,214.37
105,2015,193,0,-.42223,2.1022,214.36
105,2015,193,30,-.39557,2.1021,214.35
105,2015,193,100,-.39809,2.1019,214.33
105,2015,193,130,-.39797,2.1017,214.31
105,2015,193,200,-.39781,2.1014,214.28
105,2015,193,230,-.39902,2.1008,214.22
105,2015,193,300,-.4,2.0998,214.12
105,2015,193,330,-.40028,2.0931,213.44
105,2015,193,400,-.40021,2.0906,213.18
105,2015,193,430,-.40044,2.0906,213.17
105,2015,193,500,-.40045,2.0903,213.14
105,2015,193,530,-.40045,2.0894,213.05
105,2015,193,600,-.40045,2.089,213.02
105,2015,193,630,-.40045,2.0886,212.98
105,2015,193,700,-.40025,2.0881,212.93
105,2015,193,730,-.40045,2.088,212.91
105,2015,193,800,-.40023,2.0877,212.88
105,2015,193,830,-.40045,2.0877,212.89
105,2015,193,900,-.40033,2.0873,212.85
105,2015,193,930,-.40047,2.0873,212.84
105,2015,193,1000,-.42692,2.087,212.81
105,2015,193,1030,-.40043,2.087,212.81
105,2015,193,1100,-.39967,2.0866,212.77
105,2015,193,1130,-.40038,2.0866,212.77
105,2015,193,1200,-.39833,2.0866,212.77
105,2015,193,1230,-.42376,2.0864,212.75
105,2015,193,1300,-.42372,2.0863,212.74
105,2015,193,1330,-.3704,2.0865,212.77
105,2015,193,1400,-.42261,2.0863,212.74
105,2015,193,1430,-.39572,2.0863,212.74
105,2015,193,1500,-.39621,2.0862,212.73
105,2015,193,1530,-.39446,2.0862,212.73
105,2015,193,1600,-.36974,2.0866,212.77
105,2015,193,1630,-.39668,2.0862,212.73
105,2015,193,1700,-.39564,2.0864,212.75
105,2015,193,1730,-.39583,2.0864,212.75
105,2015,193,1800,-.3688,2.0866,212.77
105,2015,193,1830,-.39555,2.087,212.81
105,2015,193,1900,-.39606,2.0921,213.34
105,2015,193,1930,-.39544,2.0934,213.46
105,2015,193,2000,-.39563,2.0939,213.51
105,2015,193,2030,-.39622,2.0929,213.42
105,2015,193,2100,-.39612,2.0931,213.43
105,2015,193,2130,-.37012,2.0949,213.62
105,2015,193,2200,-.39659,2.0974,213.87
105,2015,193,2230,-.36913,2.0977,213.9
105,2015,193,2300,-.42329,2.0976,213.89
105,2015,193,2330,-.39637,2.0974,213.88
105,2015,194,0,-.39847,2.0972,213.86
105,2015,194,30,-.39654,2.097,213.83
105,2015,194,100,-.39679,2.0968,213.81
105,2015,194,130,-.39907,2.0964,213.77
105,2015,194,200,-.3997,2.096,213.73
105,2015,194,230,-.40038,2.0957,213.7
105,2015,194,300,-.40049,2.0954,213.67
105,2015,194,330,-.40045,2.095,213.62
105,2015,194,400,-.40033,2.0941,213.54
105,2015,194,430,-.40047,2.0932,213.44
105,2015,194,500,-.40045,2.0927,213.39
105,2015,194,530,-.40045,2.0924,213.36
105,2015,194,600,-.40045,2.0923,213.35
105,2015,194,630,-.40045,2.0921,213.33
105,2015,194,700,-.40045,2.092,213.32
105,2015,194,730,-.40045,2.0919,213.31
105,2015,194,800,-.40025,2.0916,213.28
105,2015,194,830,-.40045,2.0917,213.29
105,2015,194,900,-.42544,2.0913,213.25
105,2015,194,930,-.42625,2.0915,213.27
105,2015,194,1000,-.40038,2.0913,213.25
105,2015,194,1030,-.42629,2.091,213.21
105,2015,194,1100,-.42648,2.0907,213.19
105,2015,194,1130,-.37082,2.0907,213.19
105,2015,194,1200,-.39613,2.0908,213.2
105,2015,194,1230,-.42328,2.0903,213.15
105,2015,194,1300,-.39468,2.09,213.12
105,2015,194,1330,-.39291,2.0898,213.1
105,2015,194,1400,-.39059,2.0897,213.08
105,2015,194,1430,-.3903,2.0895,213.07
105,2015,194,1500,-.39031,2.0895,213.06
105,2015,194,1530,-.39031,2.0894,213.05
105,2015,194,1600,-.39031,2.0893,213.04
105,2015,194,1630,-.39031,2.0894,213.06
105,2015,194,1700,-.39031,2.0896,213.08
105,2015,194,1730,-.39031,2.0896,213.07
105,2015,194,1800,-.39031,2.0897,213.08
105,2015,194,1830,-.39031,2.0898,213.1
105,2015,194,1900,-.39031,2.09,213.11
105,2015,194,1930,-.39031,2.0901,213.13
105,2015,194,2000,-.39047,2.0904,213.16
105,2015,194,2030,-.39361,2.0904,213.16
105,2015,194,2100,-.42169,2.0908,213.2
105,2015,194,2130,-.36873,2.0908,213.19
105,2015,194,2200,-.42223,2.0912,213.24
105,2015,194,2230,-.42307,2.0914,213.26
105,2015,194,2300,-.42455,2.092,213.32
105,2015,194,2330,-.39899,2.0925,213.37
105,2015,195,0,-.40034,2.0928,213.41
105,2015,195,30,-.40047,2.0938,213.51
105,2015,195,100,-.40045,2.0944,213.56
105,2015,195,130,-.4016,2.0948,213.6
105,2015,195,200,-.40123,2.0953,213.65
105,2015,195,230,-.40282,2.0956,213.69
105,2015,195,300,-.40273,2.0959,213.72
105,2015,195,330,-.40165,2.0959,213.72
105,2015,195,400,-.40288,2.096,213.73
105,2015,195,430,-.40409,2.0961,213.74
105,2015,195,500,-.40383,2.0962,213.75
105,2015,195,530,-.40192,2.0962,213.75
105,2015,195,600,-.40416,2.0964,213.77
105,2015,195,630,-.40328,2.0962,213.75
105,2015,195,700,-.40472,2.096,213.73
105,2015,195,730,-.40289,2.0959,213.72
105,2015,195,800,-.40438,2.0959,213.72
105,2015,195,830,-.4039,2.0958,213.71
105,2015,195,900,-.40244,2.0958,213.71
105,2015,195,930,-.40333,2.0955,213.68
105,2015,195,1000,-.40314,2.0955,213.68
105,2015,195,1030,-.40103,2.0953,213.65
105,2015,195,1100,-.40056,2.0953,213.65
105,2015,195,1130,-.40049,2.0952,213.65
105,2015,195,1200,-.40049,2.0951,213.64
105,2015,195,1230,-.42712,2.0948,213.6
105,2015,195,1300,-.39839,2.0948,213.61
105,2015,195,1330,-.42227,2.0947,213.6
105,2015,195,1400,-.39574,2.0948,213.6
105,2015,195,1430,-.39542,2.0948,213.6
105,2015,195,1500,-.3952,2.0948,213.61
105,2015,195,1530,-.36903,2.0947,213.6
105,2015,195,1600,-.39541,2.0948,213.61
105,2015,195,1630,-.39164,2.0951,213.64
105,2015,195,1700,-.39044,2.0952,213.64
105,2015,195,1730,-.3903,2.0954,213.66
105,2015,195,1800,-.39031,2.0955,213.68
105,2015,195,1830,-.39155,2.0832,212.43
105,2015,195,1900,-.39411,2.0839,212.49
105,2015,195,1930,-.41854,2.0848,212.58
105,2015,195,2000,-.39047,2.0852,212.63
105,2015,195,2030,-.4171,2.0857,212.68
105,2015,195,2100,-.394,2.0863,212.74
105,2015,195,2130,-.39612,2.0869,212.8
105,2015,195,2200,-.39856,2.0874,212.86
105,2015,195,2230,-.4,2.088,212.91
105,2015,195,2300,-.39919,2.0882,212.94
105,2015,195,2330,-.40038,2.0885,212.97
105,2015,196,0,-.40047,2.0888,213
105,2015,196,30,-.39967,2.089,213.01
105,2015,196,100,-.40038,2.0891,213.03
105,2015,196,130,-.40046,2.0893,213.04
105,2015,196,200,-.40045,2.0893,213.05
105,2015,196,230,-.40045,2.0893,213.05
105,2015,196,300,-.40045,2.0893,213.04
105,2015,196,330,-.40202,2.0892,213.03
105,2015,196,400,-.40308,2.0891,213.03
105,2015,196,430,-.40243,2.0891,213.02
105,2015,196,500,-.4021,2.089,213.01
105,2015,196,530,-.40392,2.0889,213.01
105,2015,196,600,-.40247,2.0889,213
105,2015,196,630,-.40252,2.0888,213
105,2015,196,700,-.40217,2.0887,212.99
105,2015,196,730,-.40271,2.0887,212.98
105,2015,196,800,-.40315,2.0887,212.98
105,2015,196,830,-.40273,2.0886,212.97
105,2015,196,900,-.40151,2.0884,212.95
105,2015,196,930,-.40059,2.0884,212.95
105,2015,196,1000,-.4005,2.0884,212.95
105,2015,196,1030,-.40049,2.0884,212.95
105,2015,196,1100,-.40049,2.0884,212.95
105,2015,196,1130,-.40049,2.0884,212.95
105,2015,196,1200,-.40049,2.0884,212.95
105,2015,196,1230,-.40049,2.0883,212.94
105,2015,196,1300,-.40049,2.0883,212.94
105,2015,196,1330,-.40049,2.0884,212.95
105,2015,196,1400,-.40049,2.0885,212.97
105,2015,196,1430,-.40049,2.0887,212.98
105,2015,196,1500,-.40049,2.0888,213
105,2015,196,1530,-.40049,2.089,213.01
105,2015,196,1600,-.40049,2.0891,213.03
105,2015,196,1630,-.39925,2.0893,213.04
105,2015,196,1700,-.3973,2.0893,213.05
105,2015,196,1730,-.396,2.0896,213.08
105,2015,196,1800,-.39469,2.09,213.12
105,2015,196,1830,-.39322,2.0903,213.15
105,2015,196,1900,-.39063,2.0906,213.18
105,2015,196,1930,-.39031,2.091,213.22
105,2015,196,2000,-.39031,2.0914,213.26
105,2015,196,2030,-.39111,2.0917,213.29
105,2015,196,2100,-.421,2.092,213.33
105,2015,196,2130,-.39581,2.0926,213.38
105,2015,196,2200,-.39645,2.0932,213.45
105,2015,196,2230,-.39835,2.0939,213.52
105,2015,196,2300,-.40025,2.0946,213.59
105,2015,196,2330,-.40045,2.0954,213.67
105,2015,197,0,-.40045,2.0961,213.74
105,2015,197,30,-.40045,2.0968,213.81
105,2015,197,100,-.40045,2.0974,213.88
105,2015,197,130,-.40045,2.0982,213.95
105,2015,197,200,-.40045,2.0988,214.02
105,2015,197,230,-.40045,2.0995,214.08
105,2015,197,300,-.40045,2.1,214.14
105,2015,197,330,-.40045,2.1005,214.19
105,2015,197,400,-.40274,2.1007,214.2
105,2015,197,430,-.40267,2.1008,214.22
105,2015,197,500,-.40346,2.1007,214.21
105,2015,197,530,-.40387,2.1007,214.21
105,2015,197,600,-.40325,2.1005,214.19
105,2015,197,630,-.40385,2.1003,214.17
105,2015,197,700,-.40434,2.1001,214.15
105,2015,197,730,-.40428,2.1,214.14
105,2015,197,800,-.4044,2.0998,214.11
105,2015,197,830,-.40369,2.0997,214.1
105,2015,197,900,-.4035,2.0996,214.09
105,2015,197,930,-.40295,2.0991,214.05
105,2015,197,1000,-.40236,2.0988,214.02
105,2015,197,1030,-.40069,2.0985,213.98
105,2015,197,1100,-.40048,2.0984,213.97
105,2015,197,1130,-.3989,2.0982,213.96
105,2015,197,1200,-.42327,2.0982,213.95
105,2015,197,1230,-.3959,2.0982,213.95
105,2015,197,1300,-.40048,2.0762,211.71
105,2015,197,1330,-.42709,2.0779,211.88
105,2015,197,1400,-.39645,2.0795,212.04
105,2015,197,1430,-.39104,2.08,212.1
105,2015,197,1500,-.3904,2.0803,212.12
105,2015,197,1530,-.39033,2.0805,212.15
105,2015,197,1600,-.39031,2.0808,212.18
105,2015,197,1630,-.39031,2.0811,212.21
105,2015,197,1700,-.39031,2.0814,212.24
105,2015,197,1730,-.39031,2.0817,212.27
105,2015,197,1800,-.39031,2.0821,212.31
105,2015,197,1830,-.39031,2.0825,212.35
105,2015,197,1900,-.39031,2.0829,212.39
105,2015,197,1930,-.39031,2.0832,212.42
105,2015,197,2000,-.39031,2.0836,212.46
105,2015,197,2030,-.39031,2.0839,212.5
105,2015,197,2100,-.39031,2.0842,212.53
105,2015,197,2130,-.42065,2.0844,212.54
105,2015,197,2200,-.42354,2.0848,212.59
105,2015,197,2230,-.39555,2.0854,212.65
105,2015,197,2300,-.39765,2.0857,212.68
105,2015,197,2330,-.39817,2.0862,212.73
105,2015,198,0,-.3991,2.0865,212.76
105,2015,198,30,-.39864,2.0868,212.79
105,2015,198,100,-.40012,2.087,212.81
105,2015,198,130,-.40044,2.0872,212.83
105,2015,198,200,-.39945,2.0873,212.84
105,2015,198,230,-.39935,2.0872,212.83
105,2015,198,300,-.40035,2.087,212.81
105,2015,198,330,-.40047,2.0868,212.79
105,2015,198,400,-.40045,2.0864,212.75
105,2015,198,430,-.40045,2.0861,212.72
105,2015,198,500,-.40081,2.0858,212.69
105,2015,198,530,-.4005,2.0856,212.67
105,2015,198,600,-.40049,2.0855,212.66
105,2015,198,630,-.40049,2.0854,212.64
105,2015,198,700,-.40049,2.085,212.61
105,2015,198,730,-.40049,2.0848,212.59
105,2015,198,800,-.40049,2.0846,212.57
105,2015,198,830,-.40049,2.0845,212.55
105,2015,198,900,-.40049,2.0843,212.54
105,2015,198,930,-.40049,2.0842,212.53
105,2015,198,1000,-.40006,2.0838,212.49
105,2015,198,1030,-.40044,2.084,212.51
105,2015,198,1100,-.40045,2.0839,212.5
105,2015,198,1130,-.40025,2.0835,212.46
105,2015,198,1200,-.39941,2.0836,212.47
105,2015,198,1230,-.39904,2.0835,212.46
105,2015,198,1300,-.39993,2.0839,212.5
105,2015,198,1330,-.40006,2.0839,212.49
105,2015,198,1400,-.39945,2.0839,212.5
105,2015,198,1430,-.39883,2.084,212.51
105,2015,198,1500,-.39975,2.0843,212.54
105,2015,198,1530,-.39853,2.0847,212.58
105,2015,198,1600,-.39571,2.0854,212.65
105,2015,198,1630,-.39542,2.0859,212.69
105,2015,198,1700,-.39218,2.086,212.71
105,2015,198,1730,-.39151,2.0861,212.72
105,2015,198,1800,-.39168,2.0864,212.75
105,2015,198,1830,-.39197,2.0866,212.77
105,2015,198,1900,-.39355,2.0871,212.82
105,2015,198,1930,-.39436,2.0873,212.84
105,2015,198,2000,-.39526,2.0876,212.87
105,2015,198,2030,-.422,2.0879,212.9
105,2015,198,2100,-.42198,2.0883,212.95
105,2015,198,2130,-.42198,2.0888,212.99
105,2015,198,2200,-.3954,2.0893,213.05
105,2015,198,2230,-.3954,2.0899,213.1
105,2015,198,2300,-.3954,2.0907,213.18
105,2015,198,2330,-.42198,2.0913,213.25
105,2015,199,0,-.42198,2.092,213.32
105,2015,199,30,-.39621,2.0927,213.39
105,2015,199,100,-.42213,2.0936,213.48
105,2015,199,130,-.39674,2.094,213.53
105,2015,199,200,-.42314,2.0958,213.71
105,2015,199,230,-.39552,2.0963,213.76
105,2015,199,300,-.39764,2.0969,213.82
105,2015,199,330,-.39767,2.098,213.94
105,2015,199,400,-.3988,2.0986,213.99
105,2015,199,430,-.39799,2.0993,214.06
105,2015,199,500,-.39858,2.1007,214.21
105,2015,199,530,-.3996,2.1005,214.19
105,2015,199,600,-.39915,2.1014,214.28
105,2015,199,630,-.39937,2.101,214.24
105,2015,199,700,-.39936,2.1003,214.16
105,2015,199,730,-.4,2.1,214.14
105,2015,199,800,-.40044,2.1005,214.18
105,2015,199,830,-.40045,2.0999,214.13
105,2015,199,900,-.39945,2.0999,214.12
105,2015,199,930,-.39842,2.0996,214.09
105,2015,199,1000,-.39819,2.0992,214.06
105,2015,199,1030,-.39863,2.0982,213.96
105,2015,199,1100,-.39793,2.0984,213.98
105,2015,199,1130,-.39878,2.0982,213.95
105,2015,199,1200,-.39981,2.0986,213.99
105,2015,199,1230,-.39626,2.0985,213.98
105,2015,199,1300,-.39627,2.0988,214.01
105,2015,199,1330,-.42211,2.0991,214.05
105,2015,199,1400,-.39626,2.0988,214.01
105,2015,199,1430,-.39989,2.099,214.03
105,2015,199,1500,-.39884,2.0999,214.13
105,2015,199,1530,-.39744,2.1002,214.16
105,2015,199,1600,-.39562,2.1005,214.19
105,2015,199,1630,-.42219,2.1013,214.26
105,2015,199,1700,-.42268,2.1017,214.31
105,2015,199,1730,-.4221,2.1022,214.36
105,2015,199,1800,-.39563,2.1024,214.39
105,2015,199,1830,-.42285,2.1032,214.46
105,2015,199,1900,-.42212,2.1037,214.51
105,2015,199,1930,-.4223,2.1042,214.57
105,2015,199,2000,-.42307,2.1047,214.62
105,2015,199,2030,-.39603,2.1051,214.66
105,2015,199,2100,-.39606,2.1055,214.7
105,2015,199,2130,-.39703,2.1059,214.74
105,2015,199,2200,-.39616,2.1062,214.76
105,2015,199,2230,-.39624,2.1064,214.79
105,2015,199,2300,-.39735,2.1068,214.83
105,2015,199,2330,-.39612,2.1071,214.86
105,2015,200,0,-.39722,2.1073,214.88
105,2015,200,30,-.39906,2.1074,214.89
105,2015,200,100,-.39984,2.1073,214.88
105,2015,200,130,-.39978,2.1072,214.87
105,2015,200,200,-.40025,2.1069,214.84
105,2015,200,230,-.39964,2.1066,214.81
105,2015,200,300,-.40038,2.1062,214.77
105,2015,200,330,-.40046,2.1058,214.72
105,2015,200,400,-.40045,2.1054,214.69
105,2015,200,430,-.40045,2.105,214.65
105,2015,200,500,-.40045,2.1045,214.6
105,2015,200,530,-.40045,2.1041,214.55
105,2015,200,600,-.40045,2.1036,214.51
105,2015,200,630,-.40045,2.1031,214.46
105,2015,200,700,-.40045,2.1026,214.4
105,2015,200,730,-.40045,2.1021,214.35
105,2015,200,800,-.40045,2.1016,214.3
105,2015,200,830,-.40045,2.1011,214.25
105,2015,200,900,-.40045,2.1007,214.2
105,2015,200,930,-.40045,2.1002,214.16
105,2015,200,1000,-.40045,2.0997,214.11
105,2015,200,1030,-.40045,2.0993,214.06
105,2015,200,1100,-.40045,2.0989,214.02
105,2015,200,1130,-.40045,2.0984,213.98
105,2015,200,1200,-.40045,2.098,213.94
105,2015,200,1230,-.40045,2.0976,213.89
105,2015,200,1300,-.40045,2.0973,213.86
105,2015,200,1330,-.40045,2.097,213.83
105,2015,200,1400,-.40045,2.0967,213.8
105,2015,200,1430,-.40045,2.0965,213.78
105,2015,200,1500,-.40045,2.0962,213.75
105,2015,200,1530,-.40045,2.0959,213.72
105,2015,200,1600,-.40045,2.0957,213.7
105,2015,200,1630,-.40045,2.0954,213.67
105,2015,200,1700,-.40045,2.0952,213.65
105,2015,200,1730,-.39995,2.095,213.63
105,2015,200,1800,-.4004,2.0948,213.61
105,2015,200,1830,-.40045,2.0947,213.59
105,2015,200,1900,-.40045,2.0945,213.57
105,2015,200,1930,-.40045,2.0943,213.56
105,2015,200,2000,-.40045,2.0941,213.54
105,2015,200,2030,-.40045,2.094,213.52
105,2015,200,2100,-.40045,2.0938,213.5
105,2015,200,2130,-.40014,2.0936,213.49
105,2015,200,2200,-.40033,2.0935,213.47
105,2015,200,2230,-.40034,2.0934,213.46
105,2015,200,2300,-.40047,2.0933,213.45
105,2015,200,2330,-.40045,2.0932,213.45
105,2015,201,0,-.40045,2.0932,213.44
105,2015,201,30,-.40045,2.0931,213.44
105,2015,201,100,-.40045,2.0931,213.43
105,2015,201,130,-.40045,2.093,213.43
105,2015,201,200,-.40045,2.093,213.42
105,2015,201,230,-.40045,2.0929,213.42
105,2015,201,300,-.40045,2.0929,213.41
105,2015,201,330,-.40045,2.0929,213.41
105,2015,201,400,-.40045,2.0929,213.41
105,2015,201,430,-.4015,2.0927,213.39
105,2015,201,500,-.40059,2.0928,213.4
105,2015,201,530,-.40132,2.0927,213.39
105,2015,201,600,-.40059,2.0927,213.4
105,2015,201,630,-.40049,2.0928,213.4
105,2015,201,700,-.40188,2.0926,213.39
105,2015,201,730,-.40076,2.0927,213.39
105,2015,201,800,-.40053,2.0927,213.4
105,2015,201,830,-.40049,2.0927,213.39
105,2015,201,900,-.40036,2.0926,213.39
105,2015,201,930,-.39921,2.0927,213.39
105,2015,201,1000,-.39911,2.0926,213.38
105,2015,201,1030,-.39895,2.0926,213.39
105,2015,201,1100,-.39981,2.0928,213.4
105,2015,201,1130,-.42317,2.0929,213.41
105,2015,201,1200,-.39639,2.093,213.42
105,2015,201,1230,-.39577,2.093,213.43
105,2015,201,1300,-.39555,2.0932,213.44
105,2015,201,1330,-.42242,2.0933,213.45
105,2015,201,1400,-.4221,2.0934,213.47
105,2015,201,1430,-.36895,2.0935,213.48
105,2015,201,1500,-.42268,2.0937,213.49
105,2015,201,1530,-.39546,2.0938,213.51
105,2015,201,1600,-.39563,2.0941,213.53
105,2015,201,1630,-.39622,2.0943,213.55
105,2015,201,1700,-.42212,2.0946,213.58
105,2015,201,1730,-.39574,2.0948,213.61
105,2015,201,1800,-.39644,2.0952,213.64
105,2015,201,1830,-.42214,2.0954,213.67
105,2015,201,1900,-.42242,2.0956,213.69
105,2015,201,1930,-.39542,2.0958,213.71
105,2015,201,2000,-.42216,2.0961,213.74
105,2015,201,2030,-.42258,2.0964,213.77
105,2015,201,2100,-.39648,2.0967,213.8
105,2015,201,2130,-.39574,2.0969,213.82
105,2015,201,2200,-.39623,2.0971,213.84
105,2015,201,2230,-.39729,2.0975,213.88
105,2015,201,2300,-.3964,2.0977,213.91
105,2015,201,2330,-.39828,2.0981,213.94
105,2015,202,0,-.42297,2.0985,213.98
105,2015,202,30,-.39764,2.0987,214.01
105,2015,202,100,-.39728,2.099,214.03
105,2015,202,130,-.39628,2.0992,214.06
105,2015,202,200,-.39704,2.0994,214.08
105,2015,202,230,-.39777,2.0996,214.1
105,2015,202,300,-.39817,2.0998,214.11
105,2015,202,330,-.39876,2.0999,214.12
105,2015,202,400,-.39977,2.1003,214.16
105,2015,202,430,-.40041,2.1006,214.2
105,2015,202,500,-.40045,2.101,214.24
105,2015,202,530,-.40045,2.1013,214.27
105,2015,202,600,-.40045,2.1016,214.3
105,2015,202,630,-.40045,2.1019,214.33
105,2015,202,700,-.40033,2.1022,214.36
105,2015,202,730,-.39898,2.1023,214.37
105,2015,202,800,-.39949,2.1023,214.37
105,2015,202,830,-.39938,2.1024,214.38
105,2015,202,900,-.39851,2.1026,214.4
105,2015,202,930,-.39824,2.1024,214.39
105,2015,202,1000,-.39669,2.1026,214.4
105,2015,202,1030,-.3976,2.1026,214.4
105,2015,202,1100,-.39677,2.1027,214.41
105,2015,202,1130,-.39561,2.1028,214.42
105,2015,202,1200,-.39583,2.103,214.44
105,2015,202,1230,-.39546,2.1032,214.46
105,2015,202,1300,-.39539,2.1034,214.49
105,2015,202,1330,-.39539,2.1035,214.5
105,2015,202,1400,-.42203,2.1036,214.5
105,2015,202,1430,-.39539,2.1038,214.53
105,2015,202,1500,-.42203,2.104,214.54
105,2015,202,1530,-.42203,2.1041,214.55
105,2015,202,1600,-.39226,2.1043,214.58
105,2015,202,1630,-.39305,2.1043,214.58
105,2015,202,1700,-.42126,2.1047,214.61
105,2015,202,1730,-.42194,2.1049,214.63
105,2015,202,1800,-.42202,2.1052,214.67
105,2015,202,1830,-.3954,2.1057,214.72
105,2015,202,1900,-.42068,2.106,214.75
105,2015,202,1930,-.39468,2.1064,214.78
105,2015,202,2000,-.39324,2.1066,214.81
105,2015,202,2030,-.42183,2.1071,214.86
105,2015,202,2100,-.42198,2.1074,214.89
105,2015,202,2130,-.42175,2.108,214.95
105,2015,202,2200,-.39535,2.1085,215
105,2015,202,2230,-.42198,2.1089,215.05
105,2015,202,2300,-.42198,2.1093,215.08
105,2015,202,2330,-.42198,2.1097,215.12
105,2015,203,0,-.42198,2.11,215.16
105,2015,203,30,-.42268,2.1104,215.19
105,2015,203,100,-.42207,2.1106,215.22
105,2015,203,130,-.42224,2.1109,215.25
105,2015,203,200,-.39622,2.1111,215.27
105,2015,203,230,-.39549,2.1113,215.29
105,2015,203,300,-.39564,2.1114,215.3
105,2015,203,330,-.42307,2.1116,215.32
105,2015,203,400,-.42214,2.1118,215.34
105,2015,203,430,-.39581,2.1119,215.35
105,2015,203,500,-.4221,2.112,215.36
105,2015,203,530,-.42216,2.1121,215.37
105,2015,203,600,-.39591,2.1122,215.38
105,2015,203,630,-.4221,2.1123,215.39
105,2015,203,700,-.42225,2.1124,215.4
105,2015,203,730,-.42268,2.1125,215.41
105,2015,203,800,-.39546,2.1126,215.42
105,2015,203,830,-.42201,2.1126,215.42
105,2015,203,900,-.39642,2.1127,215.43
105,2015,203,930,-.39658,2.1128,215.44
105,2015,203,1000,-.39804,2.1128,215.44
105,2015,203,1030,-.39851,2.1129,215.45
105,2015,203,1100,-.39905,2.1129,215.45
105,2015,203,1130,-.39737,2.1129,215.45
105,2015,203,1200,-.39557,2.113,215.46
105,2015,203,1230,-.42222,2.1131,215.48
105,2015,203,1300,-.42268,2.1132,215.48
105,2015,203,1330,-.4221,2.1132,215.49
105,2015,203,1400,-.42225,2.1133,215.49
105,2015,203,1430,-.42285,2.1135,215.51
105,2015,203,1500,-.42212,2.1136,215.52
105,2015,203,1530,-.42236,2.1138,215.54
105,2015,203,1600,-.39542,2.1138,215.55
105,2015,203,1630,-.42214,2.114,215.57
105,2015,203,1700,-.39581,2.1142,215.58
105,2015,203,1730,-.3957,2.1143,215.6
105,2015,203,1800,-.42226,2.1146,215.63
105,2015,203,1830,-.42258,2.115,215.67
105,2015,203,1900,-.39544,2.1152,215.68
105,2015,203,1930,-.39563,2.1153,215.69
105,2015,203,2000,-.42285,2.1157,215.74
105,2015,203,2030,-.39549,2.116,215.77
105,2015,203,2100,-.39578,2.1162,215.79
105,2015,203,2130,-.39645,2.1165,215.82
105,2015,203,2200,-.39576,2.1168,215.85
105,2015,203,2230,-.39584,2.1172,215.89
105,2015,203,2300,-.42204,2.1175,215.92
105,2015,203,2330,-.42216,2.1178,215.95
105,2015,204,0,-.42258,2.1181,215.98
105,2015,204,30,-.39544,2.1181,215.99
105,2015,204,100,-.39539,2.1183,216.01
105,2015,204,130,-.39734,2.1185,216.03
105,2015,204,200,-.39671,2.1186,216.04
105,2015,204,230,-.39717,2.1186,216.04
105,2015,204,300,-.39596,2.1187,216.04
105,2015,204,330,-.39763,2.1187,216.04
105,2015,204,400,-.39799,2.1184,216.01
105,2015,204,430,-.39938,2.1186,216.03
105,2015,204,500,-.39924,2.1184,216.01
105,2015,204,530,-.39862,2.1184,216.02
105,2015,204,600,-.40002,2.1184,216.02
105,2015,204,630,-.40025,2.1186,216.03
105,2015,204,700,-.3993,2.1183,216.01
105,2015,204,730,-.39851,2.1185,216.03
105,2015,204,800,-.39925,2.1179,215.96
105,2015,204,830,-.39999,2.1179,215.96
105,2015,204,900,-.39835,2.1177,215.94
105,2015,204,930,-.39852,2.1174,215.91
105,2015,204,1000,-.39696,2.117,215.87
105,2015,204,1030,-.39659,2.1168,215.85
105,2015,204,1100,-.39851,2.1165,215.82
105,2015,204,1130,-.39693,2.1161,215.78
105,2015,204,1200,-.39556,2.1158,215.75
105,2015,204,1230,-.39658,2.116,215.77
105,2015,204,1300,-.39554,2.1157,215.73
105,2015,204,1330,-.42203,2.1157,215.73
105,2015,204,1400,-.39539,2.1157,215.73
105,2015,204,1430,-.42203,2.1155,215.72
105,2015,204,1500,-.42203,2.1155,215.72
105,2015,204,1530,-.42139,2.1155,215.72
105,2015,204,1600,-.39486,2.1156,215.73
105,2015,204,1630,-.39536,2.1157,215.74
105,2015,204,1700,-.42198,2.1158,215.74
105,2015,204,1730,-.42198,2.116,215.76
105,2015,204,1800,-.3954,2.1163,215.8
105,2015,204,1830,-.3954,2.1165,215.82
105,2015,204,1900,-.42198,2.1166,215.83
105,2015,204,1930,-.42198,2.117,215.87
105,2015,204,2000,-.3954,2.1173,215.9
105,2015,204,2030,-.3954,2.1175,215.93
105,2015,204,2100,-.3954,2.1178,215.95
105,2015,204,2130,-.39572,2.1178,215.95
105,2015,204,2200,-.39637,2.1183,216
105,2015,204,2230,-.39619,2.1184,216.01
105,2015,204,2300,-.39642,2.1188,216.05
105,2015,204,2330,-.39583,2.1189,216.07
105,2015,205,0,-.42372,2.1194,216.11
105,2015,205,30,-.39597,2.1191,216.08
105,2015,205,100,-.39624,2.1188,216.05
105,2015,205,130,-.39663,2.1186,216.03
105,2015,205,200,-.39799,2.1178,215.95
105,2015,205,230,-.39872,2.1176,215.93
105,2015,205,300,-.39982,2.1173,215.9
105,2015,205,330,-.40039,2.1168,215.85
105,2015,205,400,-.40045,2.1163,215.8
105,2015,205,430,-.40244,2.1162,215.78
105,2015,205,500,-.4039,2.116,215.77
105,2015,205,530,-.40475,2.116,215.77
105,2015,205,600,-.40539,2.1157,215.74
105,2015,205,630,-.40554,2.1158,215.75
105,2015,205,700,-.40556,2.1157,215.74
105,2015,205,730,-.40556,2.1228,216.46
105,2015,205,800,-.40556,2.1235,216.54
105,2015,205,830,-.40556,2.1235,216.53
105,2015,205,900,-.40556,2.1231,216.49
105,2015,205,930,-.40556,2.1229,216.47
105,2015,205,1000,-.40556,2.1225,216.44
105,2015,205,1030,-.40556,2.1222,216.4
105,2015,205,1100,-.40515,2.1219,216.37
105,2015,205,1130,-.40506,2.1218,216.36
105,2015,205,1200,-.40333,2.1215,216.32
105,2015,205,1230,-.40408,2.1214,216.32
105,2015,205,1300,-.40416,2.1208,216.26
105,2015,205,1330,-.40466,2.1209,216.27
105,2015,205,1400,-.40467,2.1207,216.25
105,2015,205,1430,-.40463,2.1206,216.23
105,2015,205,1500,-.4044,2.1204,216.21
105,2015,205,1530,-.40143,2.1207,216.25
105,2015,205,1600,-.42459,2.1208,216.26
105,2015,205,1630,-.42297,2.1207,216.25
105,2015,205,1700,-.42208,2.1205,216.23
105,2015,205,1730,-.42225,2.1206,216.24
105,2015,205,1800,-.42285,2.1208,216.26
105,2015,205,1830,-.42212,2.1207,216.25
105,2015,205,1900,-.39564,2.1208,216.26
105,2015,205,1930,-.41991,2.121,216.28
105,2015,205,2000,-.42181,2.1211,216.29
105,2015,205,2030,-.42243,2.1213,216.31
105,2015,205,2100,-.42206,2.1213,216.31
105,2015,205,2130,-.3955,2.1213,216.31
105,2015,205,2200,-.39591,2.1216,216.34
105,2015,205,2230,-.39544,2.1217,216.35
105,2015,205,2300,-.39563,2.1217,216.35
105,2015,205,2330,-.3965,2.122,216.38
105,2015,206,0,-.4231,2.1223,216.41
105,2015,206,30,-.39604,2.1224,216.42
105,2015,206,100,-.39545,2.1225,216.43
105,2015,206,130,-.397,2.1225,216.43
105,2015,206,200,-.39601,2.1226,216.44
105,2015,206,230,-.39727,2.1226,216.44
105,2015,206,300,-.39777,2.1226,216.44
105,2015,206,330,-.39848,2.1227,216.45
105,2015,206,400,-.39726,2.1227,216.45
105,2015,206,430,-.39918,2.1227,216.45
105,2015,206,500,-.399,2.1226,216.44
105,2015,206,530,-.4003,2.1227,216.45
105,2015,206,600,-.39946,2.1226,216.45
105,2015,206,630,-.40038,2.1226,216.45
105,2015,206,700,-.40046,2.1225,216.43
105,2015,206,730,-.40045,2.1225,216.43
105,2015,206,800,-.40033,2.1225,216.43
105,2015,206,830,-.40035,2.1224,216.42
105,2015,206,900,-.40012,2.1223,216.41
105,2015,206,930,-.39941,2.1223,216.41
105,2015,206,1000,-.39935,2.1222,216.4
105,2015,206,1030,-.39968,2.1222,216.4
105,2015,206,1100,-.39875,2.1221,216.39
105,2015,206,1130,-.39618,2.1221,216.39
105,2015,206,1200,-.39694,2.1221,216.39
105,2015,206,1230,-.39556,2.122,216.39
105,2015,206,1300,-.42203,2.1221,216.39
105,2015,206,1330,-.39539,2.1221,216.39
105,2015,206,1400,-.42203,2.1221,216.39
105,2015,206,1430,-.42203,2.1221,216.39
105,2015,206,1500,-.42203,2.1221,216.39
105,2015,206,1530,-.42203,2.1222,216.4
105,2015,206,1600,-.39539,2.1224,216.42
105,2015,206,1630,-.42203,2.1225,216.43
105,2015,206,1700,-.42203,2.1226,216.44
105,2015,206,1730,-.42203,2.1227,216.45
105,2015,206,1800,-.42203,2.1227,216.45
105,2015,206,1830,-.42203,2.1228,216.46
105,2015,206,1900,-.42203,2.1228,216.46
105,2015,206,1930,-.42203,2.1229,216.47
105,2015,206,2000,-.42203,2.123,216.48
105,2015,206,2030,-.39539,2.1231,216.49
105,2015,206,2100,-.39539,2.1233,216.52
105,2015,206,2130,-.39539,2.1234,216.52
105,2015,206,2200,-.39722,2.1235,216.53
105,2015,206,2230,-.39884,2.1236,216.54
105,2015,206,2300,-.39816,2.1237,216.55
105,2015,206,2330,-.39966,2.1238,216.57
105,2015,207,0,-.39899,2.124,216.58
105,2015,207,30,-.39846,2.1241,216.6
105,2015,207,100,-.39858,2.1243,216.61
105,2015,207,130,-.39963,2.1244,216.63
105,2015,207,200,-.40025,2.1245,216.63
105,2015,207,230,-.40045,2.1245,216.63
105,2015,207,300,-.40204,2.1247,216.66
105,2015,207,330,-.40262,2.1249,216.68
105,2015,207,400,-.40219,2.1251,216.69
105,2015,207,430,-.40482,2.1251,216.69
105,2015,207,500,-.405,2.1253,216.72
105,2015,207,530,-.40379,2.1254,216.73
105,2015,207,600,-.40385,2.1256,216.74
105,2015,207,630,-.40319,2.1258,216.76
105,2015,207,700,-.40481,2.1264,216.83
105,2015,207,730,-.40285,2.127,216.89
105,2015,207,800,-.40164,2.1278,216.97
105,2015,207,830,-.40195,2.1281,217.01
105,2015,207,900,-.40025,2.1289,217.09
105,2015,207,930,-.40098,2.1299,217.18
105,2015,207,1000,-.40067,2.131,217.3
105,2015,207,1030,-.40047,2.1323,217.43
105,2015,207,1100,-.40006,2.1333,217.53
105,2015,207,1130,-.40044,2.1337,217.58
105,2015,207,1200,-.40012,2.134,217.61
105,2015,207,1230,-.39932,2.1344,217.64
105,2015,207,1300,-.39943,2.1348,217.68
105,2015,207,1330,-.39928,2.1351,217.72
105,2015,207,1400,-.39851,2.136,217.8
105,2015,207,1430,-.3985,2.137,217.91
105,2015,207,1500,-.39917,2.138,218.01
